&pinput2
IDRUN = 1
INDX =   8, INDY =   1, NPX = 262144, NPY = 2
NPXB =   256, NPYB =   2, INORDER = 2,
POPT = 2, DOPT = 2, DJOPT = 2
NTW = 1, NTP = 0, NTD = 10, NTA = 0, NTV = 0, NTS = 0
NUSTRT = 1, NTR = 0, PSOLVE = 1, RELATIVITY = 0
TEND =  500.0, DT =   0.200, CI = 0.1
QME =  -1.000, VTX =   0.00, VTY =   0.000, VTZ =   0.000
VX0 =   0.000, VY0 =   0.000, VZ0 =   0.000
VDX =   5.000, VDY =   0.000, VDZ =   0.000
VTDX =   0.300, VTDY =   0.000, VTDZ =   0.000
AX =    0.866667, AY =   0.866667
NSRAND = 0, NDPROF = 0
AMPDX = 0.0, SCALEDX = 0.0, SHIFTDX = 0.0
AMPDY = 0.0, SCALEDY = 0.0, SHIFTDY = 0.0
MOVION = 0, NPXI =  8192, NPYI =  2048
NPXBI =  0, NPYBI = 0
QMI =  1.000, RMASS = 100.0
RTEMPXI =   20.000, RTEMPYI =   20.000, RTEMPZI =   20.000
VXI0 =   0.000, VYI0 =   0.000, VZI0 =   0.000
VDXI =   0.000, VDYI =   0.000, VDZI =   0.000
RTEMPDXI =   1.000, RTEMPDYI =   1.000, RTEMPDZI =   1.000
NSRANDI = 0, NDPROFI = 0
AMPDXI = 0.0, SCALEDXI = 0.0, SHIFTDXI = 0.0
AMPDYI = 0.0, SCALEDYI = 0.0, SHIFTDYI = 0.0
SORTIME = 100, SORTIMI = 250
NPLOT = 0, IDPAL = 1, NDSTYLE = 1, SNTASKS=1,
NTW=1,NTW=50
/
&pinput2_jf

ntfield=10

phase_keep_only_tracked = 0
fvxmax=12., fvymax=12.
nphbx=150,nphby=150
nphxx=20,nphyx=20
nphxy=20,nphyy=20

/